   0   75   75   75   75    0          0  173   90  140   30    0          0    1    1    1    1    0          0  1.0  1.0  1.0  1.0    0 
  49   49   49   42   42   42        183  106  130   25  112  110          4    4    4    3    3    3        1.0  1.0  1.0  1.0  1.0  1.0 
   0   67   67   67   67    8          0   71   19   88  113  128          0    3    3    3    3    1          0  1.0  1.0  1.0  1.0  1.0 
   4    0   18   18    0    0         66    0  137   87    0    0          3    0    1    1    0    0        1.0    0  1.0  1.0    0    0 
  20   20   12   37   37    0        131  104   42  199  165    0          3    3    1    1    1    0        1.0  1.0  1.0  1.0  1.0    0 
  28   28    2   52   52   52        158    7  145   72   24  198          1    1    4    1    1    1        1.0  1.0  1.0  1.0  1.0  1.0 
  57   57   57   35   35    0         78  129  185   16  154    0          2    2    2    2    2    0        1.0  1.0  1.0  1.0  1.0    0 
Empty Seats: 8

  55   55   55   61   61   61          9   64   46   33   43   26          4    4    4    1    1    1        1.0  1.0  1.0  1.0  1.0  1.0 
  22   22    7   60   60   60        156  114  172  147  105   53          4    4    2    2    2    2        1.0  1.0  1.0  1.0  1.0  1.0 
  68   68   68   68   19   19        196  119  133   14   93   32          1    1    1    1    3    3        1.0  1.0  1.0  1.0  1.0  1.0 
  32   32   69   69   69   69        109   80   75   29   11   85          4    4    1    1    1    1        1.0  1.0  1.0  1.0  1.0  1.0 
  27   27   23   23   30   30        197  193  143   86   31  180          4    4    3    3    2    2        1.0  1.0  1.0  1.0  1.0  1.0 
  40   40   80   80   80   80        189   47   65   23  179  101          3    3    3    3    3    3        1.0  1.0  1.0  1.0  1.0  1.0 
  17   17    0   38   38    0         61  182    0  175   98    0          4    4    0    3    3    0        1.0  1.0    0  1.0  1.0    0 
Empty Seats: 2

   1    0   74   74   74   74         45    0   77   94  116  171          1    0    3    3    3    3        1.0    0  1.0  1.0  1.0  1.0 
   0    0   59   59   59    9          0    0   12   82  195   95          0    0    2    2    2    4          0    0  1.0  1.0  1.0  1.0 
   5   56   56   56    0    0        150   60  192  139    0    0          3    1    1    1    0    0        1.0  1.0  1.0  1.0    0    0 
  36   36   10    0    0    6          1    6  103    0    0  117          3    3    1    0    0    3        1.0  1.0  1.0    0    0  1.0 
   0    0   29   29    0    0          0    0   83  149    0    0          0    0    3    3    0    0          0    0  1.0  1.0    0    0 
   0   66   66   66   66    0          0   84   38   89  169    0          0    2    2    2    2    0          0  1.0  1.0  1.0  1.0    0 
   0   63   63   63   24   24          0   67  148   74  161   91          0    4    4    4    2    2          0  1.0  1.0  1.0  1.0  1.0 
Empty Seats: 14

  31   31   44   44   44   14         28  124  174  142   40   62          4    4    2    2    2    1        1.0  1.0  1.0  1.0  1.0  1.0 
  21   21   41   41   41    0        134   15   57  100  188    0          3    3    2    2    2    0        1.0  1.0  1.0  1.0  1.0    0 
  34   34   76   76   76   76        126   63  176  160  166  170          3    3    2    2    2    2        1.0  1.0  1.0  1.0  1.0  1.0 
   0   13   48   48   48    0          0  122  181  200   27    0          0    1    4    4    4    0          0  1.0  1.0  1.0  1.0    0 
  11    3    0   58   58   58          8   99    0  178  107  135          3    4    0    2    2    2        1.0  1.0    0  1.0  1.0  1.0 
  71   71   71   71   39   39        168  146   10  177   13   41          4    4    4    4    4    4        1.0  1.0  1.0  1.0  1.0  1.0 
  16   33   33   25   25   15         34   76   55    5  153   58          3    4    4    3    3    4        1.0  1.0  1.0  1.0  1.0  1.0 
Empty Seats: 4

   0    0    0    0    0    0          0    0    0    0    0    0          0    0    0    0    0    0          0    0    0    0    0    0 
  49   49   49   42   42   42        183  106  130   25  112  110          3    3    3    2    2    2        1.0  1.0  1.0  1.0  1.0  1.0 
   0   67   67   67   67    0          0   71   19   88  113    0          0    2    2    2    2    0          0  1.0  1.0  1.0  1.0    0 
   4    0    0    0    0    0         66    0    0    0    0    0          2    0    0    0    0    0        1.0    0    0    0    0    0 
  20   20    0    0    0    0        131  104    0    0    0    0          2    2    0    0    0    0        1.0  1.0    0    0    0    0 
   0    0    2    0    0    0          0    0  145    0    0    0          0    0    3    0    0    0          0    0  1.0    0    0    0 
  57   57   57   35   35    0         78  129  185   16  154    0          1    1    1    1    1    0        1.0  1.0  1.0  1.0  1.0    0 
Empty Seats: 23

  55   55   55    0    0    0          9   64   46    0    0    0          3    3    3    0    0    0        1.0  1.0  1.0    0    0    0 
  22   22    7   60   60   60        156  114  172  147  105   53          3    3    1    1    1    1        1.0  1.0  1.0  1.0  1.0  1.0 
   0    0    0    0   19   19          0    0    0    0   93   32          0    0    0    0    2    2          0    0    0    0  1.0  1.0 
  32   32    0    0    0    0        109   80    0    0    0    0          3    3    0    0    0    0        1.0  1.0    0    0    0    0 
  27   27   23   23   30   30        197  193  143   86   31  180          3    3    2    2    1    1        1.0  1.0  1.0  1.0  1.0  1.0 
  40   40   80   80   80   80        189   47   65   23  179  101          2    2    2    2    2    2        1.0  1.0  1.0  1.0  1.0  1.0 
  17   17    0   38   38    0         61  182    0  175   98    0          3    3    0    2    2    0        1.0  1.0    0  1.0  1.0    0 
Empty Seats: 13

   0    0   74   74   74   74          0    0   77   94  116  171          0    0    2    2    2    2          0    0  1.0  1.0  1.0  1.0 
   0    0   59   59   59    9          0    0   12   82  195   95          0    0    1    1    1    3          0    0  1.0  1.0  1.0  1.0 
   5    0    0    0    0    0        150    0    0    0    0    0          2    0    0    0    0    0        1.0    0    0    0    0    0 
  36   36    0    0    0    6          1    6    0    0    0  117          2    2    0    0    0    2        1.0  1.0    0    0    0  1.0 
   0    0   29   29    0    0          0    0   83  149    0    0          0    0    2    2    0    0          0    0  1.0  1.0    0    0 
   0   66   66   66   66    0          0   84   38   89  169    0          0    1    1    1    1    0          0  1.0  1.0  1.0  1.0    0 
   0   63   63   63   24   24          0   67  148   74  161   91          0    3    3    3    1    1          0  1.0  1.0  1.0  1.0  1.0 
Empty Seats: 19

  31   31   44   44   44    0         28  124  174  142   40    0          3    3    1    1    1    0        1.0  1.0  1.0  1.0  1.0    0 
  21   21   41   41   41    0        134   15   57  100  188    0          2    2    1    1    1    0        1.0  1.0  1.0  1.0  1.0    0 
  34   34   76   76   76   76        126   63  176  160  166  170          2    2    1    1    1    1        1.0  1.0  1.0  1.0  1.0  1.0 
   0    0   48   48   48    0          0    0  181  200   27    0          0    0    3    3    3    0          0    0  1.0  1.0  1.0    0 
  11    3    0   58   58   58          8   99    0  178  107  135          2    3    0    1    1    1        1.0  1.0    0  1.0  1.0  1.0 
  71   71   71   71   39   39        168  146   10  177   13   41          3    3    3    3    3    3        1.0  1.0  1.0  1.0  1.0  1.0 
  16   33   33   25   25   15         34   76   55    5  153   58          2    3    3    2    2    3        1.0  1.0  1.0  1.0  1.0  1.0 
Empty Seats: 6

  69   69   69   69   18   18         75   29   11   85  137   87          4    4    4    4    4    4        1.0  1.0  1.0  1.0  1.0  1.0 
  49   49   49   42   42   42        183  106  130   25  112  110          3    3    3    2    2    2        1.0  1.0  1.0  1.0  1.0  1.0 
   0   67   67   67   67    0          0   71   19   88  113    0          0    2    2    2    2    0          0  1.0  1.0  1.0  1.0    0 
   4   45   45   45    0    0         66    4   37  163    0    0          2    3    3    3    0    0        1.0  0.7  0.7  0.7    0    0 
  20   20    0    0    1    0        131  104    0    0   45    0          2    2    0    0    2    0        1.0  1.0    0    0  1.0    0 
   0    0    2   62   62   62          0    0  145   73  108  162          0    0    3    1    1    1          0    0  1.0  0.7  0.7  0.7 
  57   57   57   35   35    0         78  129  185   16  154    0          1    1    1    1    1    0        1.0  1.0  1.0  1.0  1.0    0 
Empty Seats: 10

  55   55   55   52   52   52          9   64   46   72   24  198          3    3    3    4    4    4        1.0  1.0  1.0  1.0  1.0  1.0 
  22   22    7   60   60   60        156  114  172  147  105   53          3    3    1    1    1    1        1.0  1.0  1.0  1.0  1.0  1.0 
  64   64   64    0   19   19        151  138   39    0   93   32          4    4    4    0    2    2        0.7  0.7  0.7    0  1.0  1.0 
  32   32   72   72   72   72        109   80   59  141  184   96          3    3    4    4    4    4        1.0  1.0  0.7  0.7  0.7  0.7 
  27   27   23   23   30   30        197  193  143   86   31  180          3    3    2    2    1    1        1.0  1.0  1.0  1.0  1.0  1.0 
  40   40   80   80   80   80        189   47   65   23  179  101          2    2    2    2    2    2        1.0  1.0  1.0  1.0  1.0  1.0 
  17   17    0   38   38    0         61  182    0  175   98    0          3    3    0    2    2    0        1.0  1.0    0  1.0  1.0    0 
Empty Seats: 3

   0    0   74   74   74   74          0    0   77   94  116  171          0    0    2    2    2    2          0    0  1.0  1.0  1.0  1.0 
  37   37   59   59   59    9        199  165   12   82  195   95          1    1    1    1    1    3        1.0  1.0  1.0  1.0  1.0  1.0 
   5   47   47   47   10    0        150   21    2   48  103    0          2    3    3    3    3    0        1.0  0.7  0.7  0.7  1.0    0 
  36   36   14    0   12    6          1    6   62    0   42  117          2    2    1    0    4    2        1.0  1.0  1.0    0  1.0  1.0 
  28   28   29   29    0   13        158    7   83  149    0  122          1    1    2    2    0    2        1.0  1.0  1.0  1.0    0  1.0 
   0   66   66   66   66    0          0   84   38   89  169    0          0    1    1    1    1    0          0  1.0  1.0  1.0  1.0    0 
   0   63   63   63   24   24          0   67  148   74  161   91          0    3    3    3    1    1          0  1.0  1.0  1.0  1.0  1.0 
Empty Seats: 8

  31   31   44   44   44    8         28  124  174  142   40  128          3    3    1    1    1    2        1.0  1.0  1.0  1.0  1.0  1.0 
  21   21   41   41   41    0        134   15   57  100  188    0          2    2    1    1    1    0        1.0  1.0  1.0  1.0  1.0    0 
  34   34   76   76   76   76        126   63  176  160  166  170          2    2    1    1    1    1        1.0  1.0  1.0  1.0  1.0  1.0 
  26   26   48   48   48    0         22  123  181  200   27    0          2    2    3    3    3    0        0.7  0.7  1.0  1.0  1.0    0 
  11    3    0   58   58   58          8   99    0  178  107  135          2    3    0    1    1    1        1.0  1.0    0  1.0  1.0  1.0 
  71   71   71   71   39   39        168  146   10  177   13   41          3    3    3    3    3    3        1.0  1.0  1.0  1.0  1.0  1.0 
  16   33   33   25   25   15         34   76   55    5  153   58          2    3    3    2    2    3        1.0  1.0  1.0  1.0  1.0  1.0 
Empty Seats: 3

  69   69   69   69   18   18         75   29   11   85  137   87          3    3    3    3    3    3        1.0  1.0  1.0  1.0  1.0  1.0 
  49   49   49   42   42   42        183  106  130   25  112  110          2    2    2    1    1    1        1.0  1.0  1.0  1.0  1.0  1.0 
   0   67   67   67   67    0          0   71   19   88  113    0          0    1    1    1    1    0          0  1.0  1.0  1.0  1.0    0 
   4   45   45   45    0    0         66    4   37  163    0    0          1    2    2    2    0    0        1.0  0.7  0.7  0.7    0    0 
  20   20    0    0    1    0        131  104    0    0   45    0          1    1    0    0    1    0        1.0  1.0    0    0  1.0    0 
   0    0    2    0    0    0          0    0  145    0    0    0          0    0    2    0    0    0          0    0  1.0    0    0    0 
   0    0    0    0    0    0          0    0    0    0    0    0          0    0    0    0    0    0          0    0    0    0    0    0 
Empty Seats: 18

  55   55   55   52   52   52          9   64   46   72   24  198          2    2    2    3    3    3        1.0  1.0  1.0  1.0  1.0  1.0 
  22   22    0    0    0    0        156  114    0    0    0    0          2    2    0    0    0    0        1.0  1.0    0    0    0    0 
  64   64   64    0   19   19        151  138   39    0   93   32          3    3    3    0    1    1        0.7  0.7  0.7    0  1.0  1.0 
  32   32   72   72   72   72        109   80   59  141  184   96          2    2    3    3    3    3        1.0  1.0  0.7  0.7  0.7  0.7 
  27   27   23   23    0    0        197  193  143   86    0    0          2    2    1    1    0    0        1.0  1.0  1.0  1.0    0    0 
  40   40   80   80   80   80        189   47   65   23  179  101          1    1    1    1    1    1        1.0  1.0  1.0  1.0  1.0  1.0 
  17   17    0   38   38    0         61  182    0  175   98    0          2    2    0    1    1    0        1.0  1.0    0  1.0  1.0    0 
Empty Seats: 9

   0    0   74   74   74   74          0    0   77   94  116  171          0    0    1    1    1    1          0    0  1.0  1.0  1.0  1.0 
   0    0    0    0    0    9          0    0    0    0    0   95          0    0    0    0    0    2          0    0    0    0    0  1.0 
   5   47   47   47   10    0        150   21    2   48  103    0          1    2    2    2    2    0        1.0  0.7  0.7  0.7  1.0    0 
  36   36    0    0   12    6          1    6    0    0   42  117          1    1    0    0    3    1        1.0  1.0    0    0  1.0  1.0 
   0    0   29   29    0   13          0    0   83  149    0  122          0    0    1    1    0    1          0    0  1.0  1.0    0  1.0 
   0    0    0    0    0    0          0    0    0    0    0    0          0    0    0    0    0    0          0    0    0    0    0    0 
   0   63   63   63    0    0          0   67  148   74    0    0          0    2    2    2    0    0          0  1.0  1.0  1.0    0    0 
Empty Seats: 22

  31   31    0    0    0    8         28  124    0    0    0  128          2    2    0    0    0    1        1.0  1.0    0    0    0  1.0 
  21   21    0    0    0    0        134   15    0    0    0    0          1    1    0    0    0    0        1.0  1.0    0    0    0    0 
  34   34    0    0    0    0        126   63    0    0    0    0          1    1    0    0    0    0        1.0  1.0    0    0    0    0 
  26   26   48   48   48    0         22  123  181  200   27    0          1    1    2    2    2    0        0.7  0.7  1.0  1.0  1.0    0 
  11    3    0    0    0    0          8   99    0    0    0    0          1    2    0    0    0    0        1.0  1.0    0    0    0    0 
  71   71   71   71   39   39        168  146   10  177   13   41          2    2    2    2    2    2        1.0  1.0  1.0  1.0  1.0  1.0 
  16   33   33   25   25   15         34   76   55    5  153   58          1    2    2    1    1    2        1.0  1.0  1.0  1.0  1.0  1.0 
Empty Seats: 16

  69   69   69   69   18   18         75   29   11   85  137   87          3    3    3    3    3    3        1.0  1.0  1.0  1.0  1.0  1.0 
  49   49   49   42   42   42        183  106  130   25  112  110          2    2    2    1    1    1        1.0  1.0  1.0  1.0  1.0  1.0 
   0   67   67   67   67    0          0   71   19   88  113    0          0    1    1    1    1    0          0  1.0  1.0  1.0  1.0    0 
   4   45   45   45    0    0         66    4   37  163    0    0          1    2    2    2    0    0        1.0  0.7  0.7  0.7    0    0 
  20   20    0    0    1    0        131  104    0    0   45    0          1    1    0    0    1    0        1.0  1.0    0    0  1.0    0 
   0    0    2   43   43   43          0    0  145   69   56  152          0    0    2    2    2    2          0    0  1.0  0.4  0.4  0.4 
   0    0   51   51   51    7          0    0   20   81   35  172          0    0    1    1    1    2          0    0  0.4  0.4  0.4  1.0 
Empty Seats: 11

  55   55   55   52   52   52          9   64   46   72   24  198          2    2    2    3    3    3        1.0  1.0  1.0  1.0  1.0  1.0 
  22   22   77   77   77   77        156  114  125   52  144  136          2    2    4    4    4    4        1.0  1.0  0.4  0.4  0.4  0.4 
  64   64   64    0   19   19        151  138   39    0   93   32          3    3    3    0    1    1        0.7  0.7  0.7    0  1.0  1.0 
  32   32   72   72   72   72        109   80   59  141  184   96          2    2    3    3    3    3        1.0  1.0  0.7  0.7  0.7  0.7 
  27   27   23   23   35   35        197  193  143   86   16  154          2    2    1    1    3    3        1.0  1.0  1.0  1.0  1.0  1.0 
  40   40   80   80   80   80        189   47   65   23  179  101          1    1    1    1    1    1        1.0  1.0  1.0  1.0  1.0  1.0 
  17   17    0   38   38    0         61  182    0  175   98    0          2    2    0    1    1    0        1.0  1.0    0  1.0  1.0    0 
Empty Seats: 3

  24   24   74   74   74   74        161   91   77   94  116  171          2    2    1    1    1    1        1.0  1.0  1.0  1.0  1.0  1.0 
   0   78   78   78   78    9          0   97   68  121  155   95          0    1    1    1    1    2          0  0.4  0.4  0.4  0.4  1.0 
   5   47   47   47   10    0        150   21    2   48  103    0          1    2    2    2    2    0        1.0  0.7  0.7  0.7  1.0    0 
  36   36    0    0   12    6          1    6    0    0   42  117          1    1    0    0    3    1        1.0  1.0    0    0  1.0  1.0 
   0    0   29   29    0   13          0    0   83  149    0  122          0    0    1    1    0    1          0    0  1.0  1.0    0  1.0 
  59   59   59   53   53   53         12   82  195   79  190   44          2    2    2    2    2    2        1.0  1.0  1.0  0.4  0.4  0.4 
   0   63   63   63   30   30          0   67  148   74   31  180          0    2    2    2    1    1          0  1.0  1.0  1.0  1.0  1.0 
Empty Seats: 8

  31   31   54   54   54    8         28  124   54   36   17  128          2    2    4    4    4    1        1.0  1.0  0.4  0.4  0.4  1.0 
  21   21   76   76   76   76        134   15  176  160  166  170          1    1    4    4    4    4        1.0  1.0  1.0  1.0  1.0  1.0 
  34   34    0   62   62   62        126   63    0   73  108  162          1    1    0    1    1    1        1.0  1.0    0  0.7  0.7  0.7 
  26   26   48   48   48    0         22  123  181  200   27    0          1    1    2    2    2    0        0.7  0.7  1.0  1.0  1.0    0 
  11    3    0   14   28   28          8   99    0   62  158    7          1    2    0    3    4    4        1.0  1.0    0  1.0  1.0  1.0 
  71   71   71   71   39   39        168  146   10  177   13   41          2    2    2    2    2    2        1.0  1.0  1.0  1.0  1.0  1.0 
  16   33   33   25   25   15         34   76   55    5  153   58          1    2    2    1    1    2        1.0  1.0  1.0  1.0  1.0  1.0 
Empty Seats: 3

  69   69   69   69   18   18         75   29   11   85  137   87          2    2    2    2    2    2        1.0  1.0  1.0  1.0  1.0  1.0 
  49   49   49    0    0    0        183  106  130    0    0    0          1    1    1    0    0    0        1.0  1.0  1.0    0    0    0 
   0    0    0    0    0    0          0    0    0    0    0    0          0    0    0    0    0    0          0    0    0    0    0    0 
   0   45   45   45    0    0          0    4   37  163    0    0          0    1    1    1    0    0          0  0.7  0.7  0.7    0    0 
   0    0    0    0    0    0          0    0    0    0    0    0          0    0    0    0    0    0          0    0    0    0    0    0 
   0    0    2   43   43   43          0    0  145   69   56  152          0    0    1    1    1    1          0    0  1.0  0.4  0.4  0.4 
   0    0    0    0    0    7          0    0    0    0    0  172          0    0    0    0    0    1          0    0    0    0    0  1.0 
Empty Seats: 25

  55   55   55   52   52   52          9   64   46   72   24  198          1    1    1    2    2    2        1.0  1.0  1.0  1.0  1.0  1.0 
  22   22   77   77   77   77        156  114  125   52  144  136          1    1    3    3    3    3        1.0  1.0  0.4  0.4  0.4  0.4 
  64   64   64    0    0    0        151  138   39    0    0    0          2    2    2    0    0    0        0.7  0.7  0.7    0    0    0 
  32   32   72   72   72   72        109   80   59  141  184   96          1    1    2    2    2    2        1.0  1.0  0.7  0.7  0.7  0.7 
  27   27    0    0   35   35        197  193    0    0   16  154          1    1    0    0    2    2        1.0  1.0    0    0  1.0  1.0 
   0    0    0    0    0    0          0    0    0    0    0    0          0    0    0    0    0    0          0    0    0    0    0    0 
  17   17    0    0    0    0         61  182    0    0    0    0          1    1    0    0    0    0        1.0  1.0    0    0    0    0 
Empty Seats: 15

  24   24    0    0    0    0        161   91    0    0    0    0          1    1    0    0    0    0        1.0  1.0    0    0    0    0 
   0    0    0    0    0    9          0    0    0    0    0   95          0    0    0    0    0    1          0    0    0    0    0  1.0 
   0   47   47   47   10    0          0   21    2   48  103    0          0    1    1    1    1    0          0  0.7  0.7  0.7  1.0    0 
   0    0    0    0   12    0          0    0    0    0   42    0          0    0    0    0    2    0          0    0    0    0  1.0    0 
   0    0    0    0    0    0          0    0    0    0    0    0          0    0    0    0    0    0          0    0    0    0    0    0 
  59   59   59   53   53   53         12   82  195   79  190   44          1    1    1    1    1    1        1.0  1.0  1.0  0.4  0.4  0.4 
   0   63   63   63    0    0          0   67  148   74    0    0          0    1    1    1    0    0          0  1.0  1.0  1.0    0    0 
Empty Seats: 25

  31   31   54   54   54    0         28  124   54   36   17    0          1    1    3    3    3    0        1.0  1.0  0.4  0.4  0.4    0 
   0    0   76   76   76   76          0    0  176  160  166  170          0    0    3    3    3    3          0    0  1.0  1.0  1.0  1.0 
   0    0    0    0    0    0          0    0    0    0    0    0          0    0    0    0    0    0          0    0    0    0    0    0 
   0    0   48   48   48    0          0    0  181  200   27    0          0    0    1    1    1    0          0    0  1.0  1.0  1.0    0 
   0    3    0   14   28   28          0   99    0   62  158    7          0    1    0    2    3    3          0  1.0    0  1.0  1.0  1.0 
  71   71   71   71   39   39        168  146   10  177   13   41          1    1    1    1    1    1        1.0  1.0  1.0  1.0  1.0  1.0 
   0   33   33    0    0   15          0   76   55    0    0   58          0    1    1    0    0    1          0  1.0  1.0    0    0  1.0 
Empty Seats: 17

  69   69   69   69   18   18         75   29   11   85  137   87          2    2    2    2    2    2        1.0  1.0  1.0  1.0  1.0  1.0 
  49   49   49    0    5    0        183  106  130    0  150    0          1    1    1    0    4    0        1.0  1.0  1.0    0  1.0    0 
   0   37   37   19   19    0          0  199  165   93   32    0          0    3    3    1    1    0          0  0.7  0.7  1.0  1.0    0 
   0   45   45   45   26   26          0    4   37  163   22  123          0    1    1    1    4    4          0  0.7  0.7  0.7  0.7  0.7 
  38   38   74   74   74   74        175   98   77   94  116  171          2    2    3    3    3    3        1.0  1.0  1.0  1.0  1.0  1.0 
  30   30    2   43   43   43         31  180  145   69   56  152          4    4    1    1    1    1        1.0  1.0  1.0  0.4  0.4  0.4 
   0    0   21   21    0    7          0    0  134   15    0  172          0    0    1    1    0    1          0    0  1.0  1.0    0  1.0 
Empty Seats: 8

  55   55   55   52   52   52          9   64   46   72   24  198          1    1    1    2    2    2        1.0  1.0  1.0  1.0  1.0  1.0 
  22   22   77   77   77   77        156  114  125   52  144  136          1    1    3    3    3    3        1.0  1.0  0.4  0.4  0.4  0.4 
  64   64   64   25   25    0        151  138   39    5  153    0          2    2    2    1    1    0        0.7  0.7  0.7  1.0  1.0    0 
  32   32   72   72   72   72        109   80   59  141  184   96          1    1    2    2    2    2        1.0  1.0  0.7  0.7  0.7  0.7 
  27   27    0   16   35   35        197  193    0   34   16  154          1    1    0    3    2    2        1.0  1.0    0  1.0  1.0  1.0 
   6    0   62   62   62    0        117    0   73  108  162    0          4    0    2    2    2    0        1.0    0  0.7  0.7  0.7    0 
  17   17   78   78   78   78         61  182   97   68  121  155          1    1    4    4    4    4        1.0  1.0  0.4  0.4  0.4  0.4 
Empty Seats: 4

  24   24    0    0    0    1        161   91    0    0    0   45          1    1    0    0    0    4        1.0  1.0    0    0    0  1.0 
   0    0    0    4   13    9          0    0    0   66  122   95          0    0    0    2    1    1          0    0    0  1.0  1.0  1.0 
   0   47   47   47   10    0          0   21    2   48  103    0          0    1    1    1    1    0          0  0.7  0.7  0.7  1.0    0 
   0   23   23    0   12    0          0  143   86    0   42    0          0    2    2    0    2    0          0  1.0  1.0    0  1.0    0 
  61   61   61    0    0    0         33   43   26    0    0    0          3    3    3    0    0    0        0.4  0.4  0.4    0    0    0 
  59   59   59   53   53   53         12   82  195   79  190   44          1    1    1    1    1    1        1.0  1.0  1.0  0.4  0.4  0.4 
   0   63   63   63   34   34          0   67  148   74  126   63          0    1    1    1    2    2          0  1.0  1.0  1.0  1.0  1.0 
Empty Seats: 15

  31   31   54   54   54    0         28  124   54   36   17    0          1    1    3    3    3    0        1.0  1.0  0.4  0.4  0.4    0 
  29   29   76   76   76   76         83  149  176  160  166  170          3    3    3    3    3    3        1.0  1.0  1.0  1.0  1.0  1.0 
   0   66   66   66   66    0          0   84   38   89  169    0          0    3    3    3    3    0          0  0.7  0.7  0.7  0.7    0 
  40   40   48   48   48   11        189   47  181  200   27    8          1    1    1    1    1    2        1.0  1.0  1.0  1.0  1.0  1.0 
   0    3    8   14   28   28          0   99  128   62  158    7          0    1    3    2    3    3          0  1.0  1.0  1.0  1.0  1.0 
  71   71   71   71   39   39        168  146   10  177   13   41          1    1    1    1    1    1        1.0  1.0  1.0  1.0  1.0  1.0 
   0   33   33   20   20   15          0   76   55  131  104   58          0    1    1    4    4    1          0  1.0  1.0  1.0  1.0  1.0 
Empty Seats: 5

  69   69   69   69   18   18         75   29   11   85  137   87          1    1    1    1    1    1        1.0  1.0  1.0  1.0  1.0  1.0 
   0    0    0    0    5    0          0    0    0    0  150    0          0    0    0    0    3    0          0    0    0    0  1.0    0 
   0   37   37    0    0    0          0  199  165    0    0    0          0    2    2    0    0    0          0  0.7  0.7    0    0    0 
   0    0    0    0   26   26          0    0    0    0   22  123          0    0    0    0    3    3          0    0    0    0  0.7  0.7 
  38   38   74   74   74   74        175   98   77   94  116  171          1    1    2    2    2    2        1.0  1.0  1.0  1.0  1.0  1.0 
  30   30    0    0    0    0         31  180    0    0    0    0          3    3    0    0    0    0        1.0  1.0    0    0    0    0 
   0    0    0    0    0    0          0    0    0    0    0    0          0    0    0    0    0    0          0    0    0    0    0    0 
Empty Seats: 23

   0    0    0   52   52   52          0    0    0   72   24  198          0    0    0    1    1    1          0    0    0  1.0  1.0  1.0 
   0    0   77   77   77   77          0    0  125   52  144  136          0    0    2    2    2    2          0    0  0.4  0.4  0.4  0.4 
  64   64   64    0    0    0        151  138   39    0    0    0          1    1    1    0    0    0        0.7  0.7  0.7    0    0    0 
   0    0   72   72   72   72          0    0   59  141  184   96          0    0    1    1    1    1          0    0  0.7  0.7  0.7  0.7 
   0    0    0   16   35   35          0    0    0   34   16  154          0    0    0    2    1    1          0    0    0  1.0  1.0  1.0 
   6    0   62   62   62    0        117    0   73  108  162    0          3    0    1    1    1    0        1.0    0  0.7  0.7  0.7    0 
   0    0   78   78   78   78          0    0   97   68  121  155          0    0    3    3    3    3          0    0  0.4  0.4  0.4  0.4 
Empty Seats: 17

   0    0    0    0    0    1          0    0    0    0    0   45          0    0    0    0    0    3          0    0    0    0    0  1.0 
   0    0    0    4    0    0          0    0    0   66    0    0          0    0    0    1    0    0          0    0    0  1.0    0    0 
   0    0    0    0    0    0          0    0    0    0    0    0          0    0    0    0    0    0          0    0    0    0    0    0 
   0   23   23    0   12    0          0  143   86    0   42    0          0    1    1    0    1    0          0  1.0  1.0    0  1.0    0 
  61   61   61    0    0    0         33   43   26    0    0    0          2    2    2    0    0    0        0.4  0.4  0.4    0    0    0 
   0    0    0    0    0    0          0    0    0    0    0    0          0    0    0    0    0    0          0    0    0    0    0    0 
   0    0    0    0   34   34          0    0    0    0  126   63          0    0    0    0    1    1          0    0    0    0  1.0  1.0 
Empty Seats: 32

   0    0   54   54   54    0          0    0   54   36   17    0          0    0    2    2    2    0          0    0  0.4  0.4  0.4    0 
  29   29   76   76   76   76         83  149  176  160  166  170          2    2    2    2    2    2        1.0  1.0  1.0  1.0  1.0  1.0 
   0   66   66   66   66    0          0   84   38   89  169    0          0    2    2    2    2    0          0  0.7  0.7  0.7  0.7    0 
   0    0    0    0    0   11          0    0    0    0    0    8          0    0    0    0    0    1          0    0    0    0    0  1.0 
   0    0    8   14   28   28          0    0  128   62  158    7          0    0    2    1    2    2          0    0  1.0  1.0  1.0  1.0 
   0    0    0    0    0    0          0    0    0    0    0    0          0    0    0    0    0    0          0    0    0    0    0    0 
   0    0    0   20   20    0          0    0    0  131  104    0          0    0    0    3    3    0          0    0    0  1.0  1.0    0 
Empty Seats: 22

